%PI
model=[1.44706201953356e-05,0.00156672988691670,0.00479094644713308,0.00967006723326028,0.0161279621270713,0.0240638638750430,0.0333685733177902,0.0439327734225067,0.0556513752593683,0.0684257006232894,0.0821644339291418,0.0967838624806872,0.112207708227077,0.128366733345618,0.145198231078391,0.162645470145709,0.180657134222061,0.199186780994704,0.218192334519073,0.237635617702687,0.257481927402652,0.277699651929757,0.298259929144126,0.319136342429088,0.340304651393152,0.361742554009210,0.383429476944543,0.405346390990705,0.427475648719723,0.449800841739775,0.472306675178550,0.494978857272691,0.517804002179065,0.540769544343740,0.563863662965326,0.587075215270392,0.610393677480280,0.633809092491956,0.657312023421917,0.680893512273011,0.704545043081045,0.728258508982564,0.752026182718777,0.775840690154434,0.799694986445901,0.823582334540591,0.847496285731502,0.871430662026468,0.895379540122878,0.919337236805403,0.943298295607590,0.967257474598229,0.991209735170827,1.01515023172960,1.03907430217846,1.06297745913070,1.08685538176715,1.11070390827885,1.13451902883786,1.15829687904638,1.18203373381982,1.20572600166452,1.22937021931508,1.25296304670016,1.27650126220870,1.29998175823170,1.32340153695694,1.34675770639674,1.37004747663033,1.39326815624458,1.41641714895828,1.43949195041637,1.46249014514217,1.48540940363631,1.50824747961235,1.53100220735988,1.55367149922669,1.57625334321218,1.59874580066509,1.62114700407897,1.64345515497934,1.66566852189725,1.68778543842387,1.70980430134167,1.73172356882768,1.75354175872485,1.77525744687785,1.79686926552968,1.81837590177607,1.83977609607444,1.86106864080483,1.88225237888007,1.90332620240275,1.92428905136677,1.94513991240128,1.96587781755505,1.98650184311934,2.00701110848759,2.02740477505017,2.04768204512278,2.06784216090684,2.08788440348067,2.10780809182009,2.12761258184720,2.14729726550615,2.16686156986494,2.18630495624203,2.20562691935696,2.22482698650391,2.24390471674742,2.26285970013935,2.28169155695638,2.30039993695726,2.31898451865903,2.33744500863167,2.35578114081045,2.37399267582530,2.39207940034676,2.41004112644793,2.42787769098169,2.44558895497302,2.46317480302560,2.48063514274245,2.49796990416014,2.51517903919599,2.53226252110811,2.54922034396763,2.56605252214295,2.58275908979562,2.59934010038731,2.61579562619792,2.63212575785412,2.64833060386835,2.66441029018769,2.68036495975263,2.69619477206524,2.71189990276652,2.72748054322288,2.74293690012120,2.75826919507251,2.77347766422389,2.78856255787854,2.80352414012363,2.81836268846590,2.83307849347471,2.84767185843246,2.86214309899202,2.87649254284127,2.89072052937430,2.90482740936932,2.91881354467304,2.93267930789136,2.94642508208621,2.96005126047856,2.97355824615717,2.98694645179326,3.00021629936073,3.01336821986194,3.02640265305898,3.03932004721003,3.05212085881112,3.06480555234278,3.07737460002178,3.08982848155766,3.10216768391400,3.11439270107440,3.12650403381301,3.13850218946953,3.15038768172857,3.16216103040333,3.17382276122349,3.18537340562725,3.19681350055733,3.20814358826104,3.21936421609419,3.23047593632884,3.24147930596476,3.25237488654460,3.26309551200030,3.27354562913112,3.28363066812006,3.29326287392932,3.30236405242111,3.31086691399564,3.31871563829211,3.32586595930036,3.33228493628230,3.33795051090202,3.34285091598835,3.34698398109054,3.35035636755234,3.35298275781333,3.35488501824185,3.35609135099672,3.35663544761391,3.35655565486335,3.35589416169903,3.35469621469504,3.35300936813314,3.35088277382735,3.34836651480258,3.34551098606392,3.34236632488693,3.33898189231805,3.33540580689229,3.33168453094998,3.32786250936307,3.32398185996364,3.32008211450150,3.31620000854387,3.31236931836670,3.30862074257406,3.30498182591691,3.30147692256522,3.29812719591464,3.29495065188030,3.29196220254243,3.28917375695897,3.28659433594758,3.28423020765947,3.28208504081777,3.28016007257143,3.27845428801781,3.27696460857112,3.27568608649603,3.27461210308381,3.27373456811891,3.27304411846416,3.27253031378107,3.27218182759385,3.27198663210134,3.27193217533623,3.27200554946469,3.27219364920995,3.27248331956802,3.27286149216247,3.27331530975539,3.27383223859320,3.27440016841742,3.27500750011160,3.27564322108483,3.27629696861075,3.27695908144657,3.27762064015129,3.27827349660386,3.27891029329270,3.27952447300644,3.28011027960335,3.28066275057324,3.28117770213211,3.28165170760643,3.28208206987093,3.28246678860327,3.28280452310985,3.28309455146123,3.28333672665371,3.28353143048565,3.28367952580503,3.28378230774785,3.28384145454711,3.28385897844962,3.28383717723293,3.28377858676887,3.28368593503293,3.28356209791173,3.28341005711381,3.28323286044261,3.28303358464532,3.28281530100757,3.28258104382223,3.28233378182041,3.28207639261567,3.28181164017716,3.28154215531538,3.28127041913480,3.28099874938046,3.28072928958285,3.28046400088367,3.28020465640765,3.27995283803058,3.27970993538102,3.27947714690389,3.27925548280677,3.27904576970520,3.27884865678076,3.27866462326541,3.27849398706715,3.27833691435545,3.27819342992992,3.27806342820182,3.27794668462594,3.27784286742872,3.27775154948810,3.27767222023081,3.27760429742362,3.27754713874599,3.27750005304330,3.27746231117112,3.27743315635223,3.27741181398020,3.27739750081351,3.27738943351556,3.27738683650623,3.27738894910023,3.27739503191699,3.27740437255563,3.27741629053639,3.27743014151747,3.27744532080295,3.27746126616314,3.27747745999467,3.27749343085135,3.27750875438147,3.27752305371000,3.27753599930680,3.27754730838391,3.27755674386631,3.27756411298123,3.27756926551151,3.27757209175799,3.27757252025541,3.27757051528536,3.27756607422787,3.27755922479204,3.27755002216383,3.27753854610674,3.27752489804900,3.27750919818803,3.27749158264041,3.27747220066276,3.27745121196617,3.27742878414407,3.27740509023047,3.27738030640313,3.27735460984309,3.27732817675992,3.27730118058935,3.27727379036750,3.27724616928423,3.27721847341559,3.27719085063381,3.27716343969160,3.27713636947572,3.27710975842393,3.27708371409760,3.27705833290214,3.27703369994553,3.27700988902554,3.27698696273508,3.27696497267498,3.27694395976322,3.27692395462977,3.27690497808559,3.27688704165547,3.27687014816344,3.27685429236103,3.27683946158793,3.27682563645599,3.27681279154738,3.27680089611878,3.27678991480369,3.27677980830598,3.27677053407808,3.27676204697824,3.27675429990175,3.27674724438173,3.27674083115585,3.27673501069584,3.27672973369749,3.27672495152924,3.27672061663806,3.27671668291212,3.27671310599976,3.27670984358530,3.27670685562216,3.27670410452440,3.27670155531827,3.27669917575511,3.27669693638790,3.27669481061344,3.27669277468258,3.27669080768091,3.27668889148258,3.27668701067989,3.27668515249123,3.27668330665018,3.27668146527839,3.27667962274480,3.27667777551382,3.27667592198488,3.27667406232562,3.27667219830107,3.27667033310079,3.27666847116589,3.27666661801776,3.27666478009010,3.27666296456565,3.27666117921895,3.27665943226621,3.27665773222331,3.27665608777258,3.27665450763912,3.27665300047713,3.27665157476656,3.27665023872027,3.27664900020183,3.27664786665398,3.27664684503744,3.27664594178006,3.27664516273583,3.27664451315342,3.27664399765379,3.27664362021631,3.27664338417296,3.27664329220984,3.27664334637545,3.27664354809520,3.27664389819125,3.27664439690730,3.27664504393752,3.27664583845893,3.27664677916681,3.27664786431233,3.27664909174195,3.27665045893797,3.27665196305977,3.27665360098521,3.27665536935173,3.27665726459691,3.27665928299785,3.27666142070931,3.27666367380013,3.27666603828782,3.27666851017106,3.27667108545991,3.27667376020364,3.27667653051615,3.27667939259878,3.27668234276055,3.27668537743585,3.27668849319962,3.27669168677993,3.27669495506824,3.27669829512724,3.27670170419652,3.27670517969609,3.27670871922793,3.27671232057573,3.27671598170287,3.27671970074900,3.27672347602510,3.27672730600742,3.27673118933034,3.27673512477829,3.27673911127704,3.27674314788422,3.27674723377953,3.27675136825459,3.27675555070252,3.27675978060759,3.27676405753478,3.27676838111958,3.27677275105788,3.27677716709639,3.27678162902320,